00089f61	360	3	1565	1471
01219a51	360	17	9668	7986
0348aa9d	360	1	2340	40021
0675061f	360	2	844	1666
09429432	360	1	594	633
09a66422	360	5	17181	11181
0a675f50	360	4	2680	1752
0fc512a4	360	1	552	585
15a774fe	360	1	422	735
17c66dc9	360	1	552	585
1c55940f	360	21	17678	29432
1d78e276	360	1	529	1135
1d9648e6	360	1	551	585
241fd0f3	360	3	2049	1588
2f50ceb1	360	1	427	736
2fa2998c	360	5	3486	2711
3272c9d5	360	8	5823	18302
339b984c	360	12	6478	20492
4cb2935f	360	2	1385	1112
5538cc03	360	222	162314	2317403
59f3c11c	360	13	16659	26926
60578946	360	7	7227	20394
7701e2d8	360	4	4008	20570
7f6b4609	360	4	2463	2576
820d9041	360	8	18533	24934
857c30a2	360	4	2165	3723
882fc07f	360	7	4118	17792
9543ec08	360	7	16731	24996
95a3c07d	360	6	3272	17742
9b2474f4	360	4	12313	23836
a02c2858	360	2	2060	964
a4acdcf6	360	3	2049	1588
a8bfba81	360	2	1645	1224
aa107284	360	1	609	631
af4f0b70	360	9	18556	26724
b631ab18	360	2	1728	11345
bd3aab57	360	3	1815	2948
bd5d19f6	360	4	2818	2819
be07d12c	360	4	14326	9591
c4c3ee5b	360	4	17780	5538
c7ee3443	360	3	2164	1561
c8d44ac8	360	1	551	585
d9303209	360	3	2052	1588
d9453ac1	360	4	15461	9924
df9d0c77	360	11	20812	28211
e8684df0	360	3	2052	1588
e98417a5	360	14	11931	98226
f49f5f71	360	3	2153	1588
f5aa2165	360	5	11416	7217
f8ebbbae	360	7	4216	17848
feaf378c	360	1	1780	1898
